1 0 -0.0642219
0.538464 0.0323276 0.398939
0.587749 0.161638 0.34948
0.749103 0.172414 0.187558
0.705206 0.344828 0.231609
0.42331 0.366379 0.514498
0.66283 0.463362 0.274135
0.304471 0.50431 0.633755
0.560113 0.50625 0.377214
0.28144 0.549569 0.656867
0.272362 0.590517 0.665977
0.184988 0.590517 0.753659
0.235379 0.635776 0.70309
0.343623 0.678879 0.594465
0.203136 0.678879 0.735447
0.244706 0.700431 0.69373
0.116701 0.700431 0.822185
0.322896 0.719828 0.615265
0.175264 0.827586 0.763417
0.197028 0.841595 0.741576
0.143256 0.935345 0.795538
0.210045 0.935345 0.728513
0 0.935345 0.939298
0.179133 1 0.759534
