1 -0.0543712
2 -0.0458584
3 -0.0383787
4 -0.0283276
5 -0.025192
6 -0.0224122
7 -0.0199479
8 -0.0157998
9 -0.013156
10 -0.0104884
11 -0.00939646
12 -0.00842813
13 -0.00756934
14 -0.00575556
15 -0.00519217
16 -0.00471381
17 -0.00428926
18 -0.00387978
19 -0.00301936
20 -0.00274903
21 -0.00209903
22 -0.00197406
23 -0.00186273
24 -0.00176349
25 -0.00167497
26 -0.00159595
27 -0.00152536
28 -0.00146224
29 -0.00140575
30 -0.00135513
31 -0.00130973
32 -0.00126894
33 -0.00123225
34 -0.00115196
35 -0.00104414
36 -0.00102701
37 -0.00101132
38 -0.000996915
39 -0.000983647
40 -0.00097139
41 -0.000960032
42 -0.000949474
43 -0.000939626
44 -0.00093041
45 -0.000921758
46 -0.000913606
47 -0.000905902
48 -0.000898596
49 -0.000891645
50 -0.000885012
51 -0.000878662
52 -0.000872567
53 -0.000866698
54 -0.000861034
55 -0.000855552
56 -0.000850235
57 -0.000845065
58 -0.00084003
59 -0.000835114
60 -0.000830308
61 -0.000825601
62 -0.000820983
63 -0.000816448
64 -0.000811987
65 -0.000807595
66 -0.000803265
67 -0.000798994
68 -0.000794776
69 -0.000790607
70 -0.000756369
71 -0.000714041
72 -0.000710457
73 -0.000706895
74 -0.000703355
75 -0.000699836
76 -0.000696337
77 -0.000692859
78 -0.0006894
79 -0.000685961
80 -0.00068254
81 -0.000679139
82 -0.000675756
83 -0.00067239
84 -0.000669043
85 -0.000665714
86 -0.000662402
87 -0.000659107
88 -0.000655829
89 -0.000652568
90 -0.000649324
91 -0.000646097
92 -0.000642886
93 -0.000639691
94 -0.000636513
95 -0.000633351
96 -0.000630204
97 -0.000627074
98 -0.000623959
99 -0.00062086
100 -0.000617777
101 -0.000614709
102 -0.000611656
103 -0.000608619
104 -0.000551962
105 -0.000518253
106 -0.000515679
107 -0.000513119
108 -0.000510571
109 -0.000508035
110 -0.000505513
111 -0.000503003
112 -0.000500505
113 -0.00049802
114 -0.000495548
115 -0.000493087
116 -0.000490639
117 -0.000433553
118 -0.000407767
119 -0.000405742
120 -0.000403728
121 -0.000401723
122 -0.000399728
123 -0.000397743
124 -0.000395769
125 -0.000393804
126 -0.000391848
127 -0.000389903
128 -0.000387967
129 -0.000386041
130 -0.000384124
131 -0.000382217
132 -0.00038032
133 -0.000378432
134 -0.000376553
135 -0.000374683
136 -0.000372823
137 -0.000370972
138 -0.000369131
139 -0.000367298
140 -0.000365475
141 -0.000363661
142 -0.000361855
143 -0.000360059
144 -0.000358271
145 -0.000356493
146 -0.000354723
147 -0.000352962
148 -0.00035121
149 -0.000349466
150 -0.000347731
151 -0.000346005
152 -0.000344287
153 -0.000342578
154 -0.000340878
155 -0.000339185
156 -0.000337502
157 -0.000335826
158 -0.000334159
159 -0.0003325
160 -0.00033085
161 -0.000329207
162 -0.000327573
163 -0.000325947
164 -0.000324329
165 -0.000322719
166 -0.000321116
167 -0.000319522
168 -0.000317936
169 -0.000316358
170 -0.000314787
171 -0.000313225
172 -0.00031167
173 -0.000310123
174 -0.000308583
175 -0.000307051
176 -0.000305527
177 -0.00030401
178 -0.000302501
179 -0.000300999
180 -0.000299505
181 -0.000298018
182 -0.000296539
183 -0.000295067
184 -0.000293602
185 -0.000292144
186 -0.000290694
187 -0.000283729
188 -0.000259992
189 -0.000250413
190 -0.000207083
191 -0.000206055
192 -0.000205033
193 -0.000204015
194 -0.000203002
195 -0.000201994
196 -0.000200991
197 -0.000199994
198 -0.000199001
199 -0.000198013
200 -0.00019703
201 -0.000196052
202 -0.000195079
203 -0.00019411
204 -0.000193147
205 -0.000192188
206 -0.000191234
207 -0.000190284
208 -0.00018934
209 -0.0001884
210 -0.000187464
211 -0.000186534
212 -0.000185608
213 -0.000184686
214 -0.00018377
215 -0.000182857
216 -0.00018195
217 -0.000181046
218 -0.000180148
219 -0.000179253
220 -0.000178363
221 -0.000177478
222 -0.000176597
223 -0.00017572
224 -0.000174848
225 -0.00017398
226 -0.000173116
227 -0.000172257
228 -0.000171402
229 -0.000170551
230 -0.000169704
231 -0.000168862
232 -0.000168023
233 -0.000167189
234 -0.000166359
235 -0.000165533
236 -0.000164712
237 -0.000163894
238 -0.00016308
239 -0.000162271
240 -0.000161465
241 -0.000160664
242 -0.000159866
243 -0.000159073
244 -0.000158283
245 -0.000157497
246 -0.000156715
247 -0.000155937
248 -0.000129105
249 -0.000107677
250 -0.000107143
251 -0.000106611
252 -0.000106082
253 -0.000105555
254 -0.000105031
255 -0.00010451
256 -0.000103991
257 -0.000103475
258 -0.000102961
259 -0.00010245
260 -0.000101941
261 -0.000101435
262 -0.000100932
263 -8.8147e-05
264 -7.65876e-05
265 -7.62074e-05
266 -7.58291e-05
267 -7.54527e-05
268 -7.50781e-05
269 -7.47054e-05
270 -7.43346e-05
271 -7.39655e-05
272 -7.35984e-05
273 -7.3233e-05
274 -7.28694e-05
275 -7.25077e-05
276 -7.21477e-05
277 -7.17896e-05
278 -7.14332e-05
279 -7.10786e-05
280 -7.07257e-05
281 -7.03746e-05
282 -7.00253e-05
283 -6.96777e-05
284 -6.93318e-05
285 -6.89876e-05
286 -6.86451e-05
287 -6.83043e-05
288 -6.79652e-05
289 -6.76278e-05
290 -6.72921e-05
291 -6.69581e-05
292 -6.66257e-05
293 -6.62949e-05
294 -6.59658e-05
295 -6.56383e-05
296 -6.53125e-05
297 -6.49883e-05
298 -6.46657e-05
299 -6.43446e-05
300 -6.40252e-05
301 -6.37074e-05
302 -6.33911e-05
303 -6.30764e-05
304 -6.27633e-05
305 -6.24517e-05
306 -6.21417e-05
307 -6.18332e-05
308 -6.15262e-05
309 -6.12208e-05
310 -6.09169e-05
311 -6.06145e-05
312 -6.03136e-05
313 -6.00142e-05
314 -5.97162e-05
315 -5.94198e-05
316 -5.91248e-05
317 -5.88313e-05
318 -5.85393e-05
319 -5.82486e-05
320 -5.79595e-05
321 -5.76718e-05
322 -5.73855e-05
323 -5.71006e-05
324 -5.68171e-05
325 -5.65351e-05
326 -5.62544e-05
327 -5.59751e-05
328 -5.56973e-05
329 -5.54208e-05
330 -5.51457e-05
331 -5.48719e-05
332 -5.45995e-05
333 -5.43284e-05
334 -5.40587e-05
335 -5.37904e-05
336 -5.35234e-05
337 -5.32577e-05
338 -5.29933e-05
339 -5.27302e-05
340 -5.24684e-05
341 -5.2208e-05
342 -5.19488e-05
343 -5.16909e-05
344 -5.14343e-05
345 -5.1179e-05
346 -5.09249e-05
347 -5.06721e-05
348 -5.04205e-05
349 -5.01702e-05
350 -4.99212e-05
351 -4.96734e-05
352 -4.94268e-05
353 -4.91814e-05
354 -4.89372e-05
355 -4.86943e-05
356 -4.84526e-05
357 -4.8212e-05
358 -4.79727e-05
359 -4.77346e-05
360 -4.74976e-05
361 -4.72618e-05
362 -4.70272e-05
363 -4.67937e-05
364 -4.65614e-05
365 -4.63303e-05
366 -4.61003e-05
367 -4.58714e-05
368 -4.56437e-05
369 -4.54171e-05
370 -4.51917e-05
371 -4.49673e-05
372 -4.47441e-05
373 -4.4522e-05
374 -4.43009e-05
375 -4.4081e-05
376 -4.38622e-05
377 -4.36445e-05
378 -4.34278e-05
379 -4.32122e-05
380 -4.29977e-05
381 -4.27842e-05
382 -4.25718e-05
383 -4.23605e-05
384 -4.21502e-05
385 -4.1941e-05
386 -4.17328e-05
387 -4.15256e-05
388 -4.13194e-05
389 -4.11143e-05
390 -4.09102e-05
391 -4.07071e-05
392 -4.05051e-05
393 -4.0304e-05
394 -4.01039e-05
395 -3.99048e-05
396 -3.97067e-05
397 -3.95096e-05
398 -3.93135e-05
399 -3.91183e-05
400 -3.89241e-05
401 -3.87309e-05
402 -3.85386e-05
403 -3.83473e-05
404 -3.81569e-05
405 -3.79675e-05
406 -3.7779e-05
407 -3.75915e-05
408 -3.74049e-05
409 -3.72192e-05
410 -3.70344e-05
411 -3.68506e-05
412 -3.66676e-05
413 -3.64856e-05
414 -3.63045e-05
415 -3.61242e-05
416 -3.59449e-05
417 -3.57665e-05
418 -3.55889e-05
419 -3.54122e-05
420 -3.52364e-05
421 -3.50615e-05
422 -3.48875e-05
423 -3.47143e-05
424 -3.45419e-05
425 -3.43705e-05
426 -3.41998e-05
427 -3.40301e-05
428 -3.38611e-05
429 -3.3693e-05
430 -3.35258e-05
431 -3.33593e-05
432 -3.31937e-05
433 -3.3029e-05
434 -3.2865e-05
435 -3.27018e-05
436 -3.25395e-05
437 -3.2378e-05
438 -3.22172e-05
439 -3.20573e-05
440 -3.18982e-05
441 -3.17398e-05
442 -3.15822e-05
443 -3.14255e-05
444 -3.12695e-05
445 -3.11142e-05
446 -3.09598e-05
447 -3.08061e-05
448 -3.06531e-05
449 -3.0501e-05
450 -3.03496e-05
451 -3.01989e-05
452 -3.0049e-05
453 -2.98998e-05
454 -2.97514e-05
455 -2.96037e-05
456 -2.94567e-05
457 -2.93105e-05
458 -2.9165e-05
459 -2.90202e-05
460 -2.88761e-05
461 -2.87328e-05
462 -2.85902e-05
463 -2.84482e-05
464 -2.8307e-05
465 -2.81665e-05
466 -2.80266e-05
467 -2.78875e-05
468 -2.77491e-05
469 -2.76113e-05
470 -2.74743e-05
471 -2.73379e-05
472 -2.72022e-05
473 -2.70671e-05
474 -2.69327e-05
475 -2.6799e-05
476 -2.6666e-05
477 -2.65336e-05
478 -2.64019e-05
479 -2.62708e-05
480 -2.61404e-05
481 -2.60107e-05
482 -2.58815e-05
483 -2.57531e-05
484 -2.56252e-05
485 -2.5498e-05
486 -2.53714e-05
487 -2.52455e-05
488 -2.51201e-05
489 -2.49954e-05
490 -2.48714e-05
491 -1.45766e-05
492 1.90683e-06
493 1.89736e-06
494 1.88794e-06
495 1.87857e-06
496 1.86924e-06
497 1.85996e-06
498 1.85073e-06
499 1.84154e-06
500 1.8324e-06
501 1.8233e-06
502 1.81425e-06
503 1.80525e-06
504 1.79628e-06
505 1.78737e-06
506 1.77849e-06
507 1.76967e-06
508 1.76088e-06
509 1.75214e-06
510 1.74344e-06
511 1.73479e-06
512 1.72617e-06
513 1.7176e-06
514 1.70908e-06
515 1.70059e-06
516 1.69215e-06
517 1.68375e-06
518 1.67539e-06
519 1.66708e-06
520 1.6588e-06
521 1.65056e-06
522 1.64237e-06
523 1.63422e-06
524 1.62611e-06
525 1.61803e-06
526 1.61e-06
527 1.60201e-06
528 1.59406e-06
529 1.58614e-06
530 1.57827e-06
531 1.57043e-06
532 1.56264e-06
533 1.55488e-06
534 1.54716e-06
535 1.53948e-06
536 1.53184e-06
537 1.52423e-06
538 1.51667e-06
539 1.50914e-06
540 1.50165e-06
541 1.49419e-06
542 1.48677e-06
543 1.47939e-06
544 1.47205e-06
545 1.46474e-06
546 1.45747e-06
547 1.45023e-06
548 1.44303e-06
549 1.43587e-06
550 1.42874e-06
551 1.42165e-06
552 1.41459e-06
553 1.40757e-06
554 1.40058e-06
555 1.39363e-06
556 1.38671e-06
557 1.37983e-06
558 1.37298e-06
559 1.36616e-06
560 1.35938e-06
561 1.35263e-06
562 1.34592e-06
563 1.33924e-06
564 1.33259e-06
565 1.32597e-06
566 1.31939e-06
567 1.31284e-06
568 1.30632e-06
569 1.29984e-06
570 1.29338e-06
571 1.28696e-06
572 1.28058e-06
573 1.27422e-06
574 1.26789e-06
575 1.2616e-06
576 1.25534e-06
577 1.2491e-06
578 1.2429e-06
579 1.23673e-06
580 1.23059e-06
581 1.22448e-06
582 1.21841e-06
583 1.21236e-06
584 1.20634e-06
585 1.20035e-06
586 1.19439e-06
587 1.18846e-06
588 1.18256e-06
589 1.17669e-06
590 1.17085e-06
591 1.16504e-06
592 1.15925e-06
593 1.1535e-06
594 1.14777e-06
595 1.14207e-06
596 1.13641e-06
597 1.13076e-06
598 1.12515e-06
599 1.11956e-06
600 1.11401e-06
601 1.10848e-06
602 1.10297e-06
603 1.0975e-06
604 1.09205e-06
605 1.08663e-06
606 1.08123e-06
607 1.07587e-06
608 1.07053e-06
609 1.06521e-06
610 1.05992e-06
611 1.05466e-06
612 1.04943e-06
613 1.04422e-06
614 1.03903e-06
615 1.03388e-06
616 1.02874e-06
617 1.02364e-06
618 1.01855e-06
619 1.0135e-06
620 1.00847e-06
621 1.00346e-06
622 9.98479e-07
623 9.93522e-07
624 9.8859e-07
625 9.83682e-07
626 9.78799e-07
627 9.7394e-07
628 9.69105e-07
629 9.64294e-07
630 9.59507e-07
631 9.54744e-07
632 9.50004e-07
633 9.45288e-07
634 9.40596e-07
635 9.35926e-07
636 9.3128e-07
637 9.26657e-07
638 9.22057e-07
639 9.17479e-07
640 9.12925e-07
641 9.08393e-07
642 9.03883e-07
643 8.99396e-07
644 8.94931e-07
645 8.90489e-07
646 8.86068e-07
647 8.81669e-07
648 8.77292e-07
649 8.72937e-07
650 8.68604e-07
651 8.64292e-07
652 8.60001e-07
653 8.55732e-07
654 8.51484e-07
655 8.47257e-07
656 8.43051e-07
657 8.38866e-07
658 8.34701e-07
659 8.30558e-07
660 8.26435e-07
661 8.22332e-07
662 8.1825e-07
663 8.14188e-07
664 8.10146e-07
665 8.06124e-07
666 8.02122e-07
667 7.9814e-07
668 7.94178e-07
669 7.90236e-07
670 7.86313e-07
671 7.82409e-07
672 7.78525e-07
673 7.7466e-07
674 7.70815e-07
675 7.66988e-07
676 7.63181e-07
677 7.59392e-07
678 7.55622e-07
679 7.51871e-07
680 7.48139e-07
681 7.44425e-07
682 7.40729e-07
683 7.37052e-07
684 7.33393e-07
685 7.29752e-07
686 7.2613e-07
687 7.22525e-07
688 7.18938e-07
689 7.15369e-07
690 7.11818e-07
691 7.08284e-07
692 7.04768e-07
693 7.01269e-07
694 6.97788e-07
695 6.94324e-07
696 6.90877e-07
697 6.87447e-07
698 6.84035e-07
699 6.80639e-07
700 6.7726e-07
701 6.73898e-07
702 6.70553e-07
703 6.67224e-07
704 6.63912e-07
705 6.60616e-07
706 6.57336e-07
707 6.54073e-07
708 6.50826e-07
709 6.47595e-07
710 6.4438e-07
711 6.41182e-07
712 6.37999e-07
713 6.34831e-07
714 6.3168e-07
715 6.28544e-07
716 6.25424e-07
717 6.22319e-07
718 6.1923e-07
719 6.16156e-07
720 6.13097e-07
721 6.10053e-07
722 6.07025e-07
723 6.04011e-07
724 6.01013e-07
725 5.98029e-07
726 5.95061e-07
727 5.92106e-07
728 5.89167e-07
729 5.86242e-07
730 5.83332e-07
731 5.80436e-07
732 5.77555e-07
733 5.74688e-07
734 5.71835e-07
735 5.68996e-07
736 5.66171e-07
737 5.63361e-07
738 5.60564e-07
739 5.57781e-07
740 5.55012e-07
741 5.52257e-07
742 5.49515e-07
743 5.46788e-07
744 5.44073e-07
745 5.41372e-07
746 5.38685e-07
747 5.36011e-07
748 5.3335e-07
749 5.30702e-07
750 5.28067e-07
751 5.25446e-07
752 5.22837e-07
753 5.20242e-07
754 5.17659e-07
755 5.1509e-07
756 5.12532e-07
757 5.09988e-07
758 5.07456e-07
759 5.04937e-07
760 5.02431e-07
761 4.99936e-07
762 4.97455e-07
763 4.94985e-07
764 4.92528e-07
765 4.90083e-07
766 4.8765e-07
767 4.85229e-07
768 4.8282e-07
769 4.80423e-07
770 4.78038e-07
771 4.75665e-07
772 4.73304e-07
773 4.70954e-07
774 4.68616e-07
775 4.6629e-07
776 4.63975e-07
777 4.61672e-07
778 4.5938e-07
779 4.571e-07
780 4.54831e-07
781 4.52573e-07
782 4.50326e-07
783 4.4809e-07
784 4.45866e-07
785 4.43653e-07
786 4.4145e-07
787 4.39259e-07
788 4.37078e-07
789 4.34908e-07
790 4.32749e-07
791 4.30601e-07
792 4.28463e-07
793 4.26336e-07
794 4.2422e-07
795 4.22114e-07
796 4.20019e-07
797 4.17933e-07
798 4.15859e-07
799 4.13794e-07
800 4.1174e-07
801 4.09696e-07
802 4.07662e-07
803 4.05638e-07
804 4.03625e-07
805 4.01621e-07
806 3.99627e-07
807 3.97643e-07
808 3.95669e-07
809 3.93705e-07
810 3.91751e-07
811 3.89806e-07
812 3.87871e-07
813 3.85945e-07
814 3.8403e-07
815 3.82123e-07
816 3.80226e-07
817 3.78339e-07
818 3.7646e-07
819 3.74592e-07
820 3.72732e-07
821 3.70882e-07
822 3.6904e-07
823 3.67208e-07
824 3.65386e-07
825 3.63572e-07
826 3.61767e-07
827 3.59971e-07
828 3.58184e-07
829 3.56406e-07
830 3.54636e-07
831 3.52876e-07
832 3.51124e-07
833 3.49381e-07
834 3.47647e-07
835 3.45921e-07
836 3.44204e-07
837 3.42495e-07
838 3.40795e-07
839 3.39103e-07
840 3.37419e-07
841 3.35744e-07
842 3.34078e-07
843 3.32419e-07
844 3.30769e-07
845 3.29127e-07
846 3.27493e-07
847 3.25867e-07
848 3.2425e-07
849 3.2264e-07
850 3.21038e-07
851 3.19445e-07
852 3.17859e-07
853 3.16281e-07
854 3.14711e-07
855 3.13148e-07
856 3.11594e-07
857 3.10047e-07
858 3.08508e-07
859 3.06976e-07
860 3.05452e-07
861 3.03936e-07
862 3.02427e-07
863 3.00926e-07
864 2.99432e-07
865 2.97946e-07
866 2.96467e-07
867 2.94995e-07
868 2.9353e-07
869 2.92073e-07
870 2.90623e-07
871 2.89181e-07
872 2.87745e-07
873 2.86317e-07
874 2.84895e-07
875 2.83481e-07
876 2.82074e-07
877 2.80673e-07
878 2.7928e-07
879 2.77894e-07
880 2.76514e-07
881 2.75141e-07
882 2.73775e-07
883 2.72416e-07
884 2.71064e-07
885 2.69718e-07
886 2.68379e-07
887 2.67047e-07
888 2.65721e-07
889 2.64402e-07
890 2.6309e-07
891 2.61784e-07
892 2.60484e-07
893 2.59191e-07
894 2.57904e-07
895 2.56624e-07
896 2.5535e-07
897 2.54082e-07
898 2.52821e-07
899 2.51566e-07
900 2.50317e-07
901 2.49075e-07
902 2.47838e-07
903 2.46608e-07
904 2.45384e-07
905 2.44165e-07
906 2.42953e-07
907 2.41747e-07
908 2.40547e-07
909 2.39353e-07
910 2.38165e-07
911 2.36982e-07
912 2.35806e-07
913 2.34635e-07
914 2.33471e-07
915 2.32312e-07
916 2.31158e-07
917 2.30011e-07
918 2.28869e-07
919 2.27733e-07
920 2.26602e-07
921 2.25477e-07
922 2.24358e-07
923 2.23244e-07
924 2.22136e-07
925 2.21033e-07
926 2.19936e-07
927 2.18844e-07
928 2.17758e-07
929 2.16677e-07
930 2.15601e-07
931 2.14531e-07
932 2.13466e-07
933 2.12406e-07
934 2.11352e-07
935 2.10302e-07
936 2.09258e-07
937 2.0822e-07
938 2.07186e-07
939 2.06157e-07
940 2.05134e-07
941 2.04116e-07
942 2.03102e-07
943 2.02094e-07
944 2.01091e-07
945 2.00093e-07
946 1.99099e-07
947 1.98111e-07
948 1.97127e-07
949 1.96149e-07
950 1.95175e-07
951 1.00893e-06
952 1.83324e-06
953 1.82414e-06
954 1.81508e-06
955 1.80607e-06
956 1.79711e-06
957 1.78819e-06
958 1.77931e-06
959 1.77048e-06
960 1.76169e-06
961 1.75294e-06
962 1.74424e-06
963 1.73558e-06
964 1.72697e-06
965 1.71839e-06
966 1.70986e-06
967 1.70137e-06
968 1.69293e-06
969 1.68452e-06
970 1.67616e-06
971 1.66784e-06
972 1.65956e-06
973 1.65132e-06
974 1.64312e-06
975 1.63497e-06
976 1.62685e-06
977 1.61877e-06
978 1.61074e-06
979 1.60274e-06
980 1.59479e-06
981 1.58687e-06
982 1.57899e-06
983 1.57115e-06
984 1.56335e-06
985 1.55559e-06
986 1.54787e-06
987 1.54019e-06
988 1.53254e-06
989 1.52493e-06
990 1.51736e-06
991 1.50983e-06
992 1.50233e-06
993 1.49488e-06
994 1.48746e-06
995 1.48007e-06
996 1.47272e-06
997 1.46541e-06
998 1.45814e-06
999 1.4509e-06
1000 1.4437e-06
1001 1.43653e-06
1002 1.4294e-06
1003 1.4223e-06
1004 1.41524e-06
1005 1.40822e-06
1006 1.40123e-06
1007 1.39427e-06
1008 1.38735e-06
1009 1.38046e-06
1010 1.37361e-06
1011 1.36679e-06
1012 1.36e-06
1013 1.35325e-06
1014 1.34653e-06
1015 1.33985e-06
1016 1.3332e-06
1017 1.32658e-06
1018 1.31999e-06
1019 1.31344e-06
1020 1.30692e-06
1021 1.30043e-06
1022 1.29398e-06
1023 1.28755e-06
1024 1.28116e-06
1025 1.2748e-06
1026 1.26847e-06
1027 1.26218e-06
1028 1.25591e-06
1029 1.24968e-06
1030 1.24347e-06
1031 1.2373e-06
1032 1.23116e-06
1033 1.22505e-06
1034 1.21896e-06
1035 1.21291e-06
1036 1.20689e-06
1037 1.2009e-06
1038 1.19494e-06
1039 1.18901e-06
1040 1.1831e-06
1041 1.17723e-06
1042 1.17139e-06
1043 1.16557e-06
1044 1.15979e-06
1045 1.15403e-06
1046 1.1483e-06
1047 1.1426e-06
1048 1.13693e-06
1049 1.13128e-06
1050 1.12567e-06
1051 1.12008e-06
1052 1.11452e-06
1053 1.10899e-06
1054 1.10348e-06
1055 1.098e-06
1056 1.09255e-06
1057 1.08713e-06
1058 1.08173e-06
1059 1.07636e-06
1060 1.07102e-06
1061 1.0657e-06
1062 1.06041e-06
1063 1.05515e-06
1064 1.04991e-06
1065 1.0447e-06
1066 1.03951e-06
1067 1.03435e-06
1068 1.02921e-06
1069 1.02411e-06
1070 1.01902e-06
1071 1.01396e-06
1072 1.00893e-06
1073 1.00392e-06
1074 9.98937e-07
1075 9.93978e-07
1076 9.89043e-07
1077 9.84133e-07
1078 9.79248e-07
1079 9.74387e-07
1080 9.69549e-07
1081 9.64736e-07
1082 9.59947e-07
1083 9.55182e-07
1084 9.5044e-07
1085 9.45722e-07
1086 9.41027e-07
1087 9.36355e-07
1088 9.31707e-07
1089 9.27082e-07
1090 9.22479e-07
1091 9.179e-07
1092 9.13343e-07
1093 9.08809e-07
1094 9.04298e-07
1095 8.99808e-07
1096 8.95342e-07
1097 8.90897e-07
1098 8.86474e-07
1099 8.82074e-07
1100 8.77695e-07
1101 8.73338e-07
1102 8.69002e-07
1103 8.64688e-07
1104 8.60396e-07
1105 8.56124e-07
1106 8.51874e-07
1107 8.47645e-07
1108 8.43437e-07
1109 8.3925e-07
1110 8.35084e-07
1111 8.30939e-07
1112 8.26814e-07
1113 8.22709e-07
1114 8.18625e-07
1115 8.14561e-07
1116 8.10517e-07
1117 8.06494e-07
1118 8.0249e-07
1119 7.98506e-07
1120 7.94542e-07
1121 7.90598e-07
1122 7.86673e-07
1123 7.82768e-07
1124 7.78882e-07
1125 7.75015e-07
1126 7.71168e-07
1127 7.6734e-07
1128 7.63531e-07
1129 7.5974e-07
1130 7.55969e-07
1131 7.52216e-07
1132 7.48482e-07
1133 7.44766e-07
1134 7.41069e-07
1135 7.3739e-07
1136 7.33729e-07
1137 7.30087e-07
1138 7.26462e-07
1139 7.22856e-07
1140 7.19268e-07
1141 7.15697e-07
1142 7.12144e-07
1143 7.08609e-07
1144 7.05091e-07
1145 7.01591e-07
1146 6.98108e-07
1147 6.94642e-07
1148 6.91194e-07
1149 6.87763e-07
1150 6.84348e-07
1151 6.80951e-07
1152 6.77571e-07
1153 6.74207e-07
1154 6.7086e-07
1155 6.6753e-07
1156 6.64216e-07
1157 6.60919e-07
1158 6.57638e-07
1159 6.54373e-07
1160 6.51124e-07
1161 6.47892e-07
1162 6.44676e-07
1163 6.41475e-07
1164 6.38291e-07
1165 6.35122e-07
1166 6.31969e-07
1167 6.28832e-07
1168 6.2571e-07
1169 6.22604e-07
1170 6.19513e-07
1171 6.16438e-07
1172 6.13378e-07
1173 6.10333e-07
1174 6.07303e-07
1175 6.04288e-07
1176 6.01288e-07
1177 5.98303e-07
1178 5.95333e-07
1179 5.92378e-07
1180 5.89437e-07
1181 5.86511e-07
1182 5.83599e-07
1183 5.80702e-07
1184 5.7782e-07
1185 5.74951e-07
1186 5.72097e-07
1187 5.69257e-07
1188 5.66431e-07
1189 5.63619e-07
1190 5.60821e-07
1191 5.58037e-07
1192 5.55267e-07
1193 5.5251e-07
1194 5.49767e-07
1195 5.47038e-07
1196 5.44323e-07
1197 5.4162e-07
1198 5.38932e-07
1199 5.36256e-07
1200 5.33594e-07
1201 5.30945e-07
1202 5.28309e-07
1203 5.25687e-07
1204 5.23077e-07
1205 5.2048e-07
1206 5.17897e-07
1207 5.15326e-07
1208 5.12767e-07
1209 5.10222e-07
1210 5.07689e-07
1211 5.05169e-07
1212 5.02661e-07
1213 5.00166e-07
1214 4.97683e-07
1215 4.95212e-07
1216 4.92754e-07
1217 4.90307e-07
1218 4.87873e-07
1219 4.85452e-07
1220 4.83042e-07
1221 4.80644e-07
1222 4.78258e-07
1223 4.75883e-07
1224 4.73521e-07
1225 4.7117e-07
1226 4.68831e-07
1227 4.66504e-07
1228 4.64188e-07
1229 4.61884e-07
1230 4.59591e-07
1231 4.57309e-07
1232 4.55039e-07
1233 4.5278e-07
1234 4.50532e-07
1235 4.48296e-07
1236 4.4607e-07
1237 4.43856e-07
1238 4.41653e-07
1239 4.3946e-07
1240 4.37278e-07
1241 4.35108e-07
1242 4.32948e-07
1243 4.30798e-07
1244 4.2866e-07
1245 4.26532e-07
1246 4.24414e-07
1247 4.22308e-07
1248 4.20211e-07
1249 4.18125e-07
1250 4.16049e-07
1251 4.13984e-07
1252 4.11929e-07
1253 4.09884e-07
1254 4.07849e-07
1255 4.05824e-07
1256 4.0381e-07
1257 4.01805e-07
1258 3.99811e-07
1259 3.97826e-07
1260 3.95851e-07
1261 3.93886e-07
1262 3.9193e-07
1263 3.89985e-07
1264 3.88049e-07
1265 3.86122e-07
1266 3.84206e-07
1267 3.82298e-07
1268 3.804e-07
1269 3.78512e-07
1270 3.76633e-07
1271 3.74763e-07
1272 3.72903e-07
1273 3.71052e-07
1274 3.6921e-07
1275 3.67377e-07
1276 3.65553e-07
1277 3.63738e-07
1278 3.61933e-07
1279 3.60136e-07
1280 3.58348e-07
1281 3.56569e-07
1282 3.54799e-07
1283 3.53038e-07
1284 3.51285e-07
1285 3.49541e-07
1286 3.47806e-07
1287 3.46079e-07
1288 3.44361e-07
1289 3.42652e-07
1290 3.40951e-07
1291 3.39258e-07
1292 3.37574e-07
1293 3.35898e-07
1294 3.34231e-07
1295 3.32572e-07
1296 3.30921e-07
1297 3.29278e-07
1298 3.27643e-07
1299 3.26017e-07
1300 3.24398e-07
1301 3.22788e-07
1302 3.21186e-07
1303 3.19591e-07
1304 3.18005e-07
1305 3.16426e-07
1306 3.14855e-07
1307 3.13292e-07
1308 3.11737e-07
1309 3.10189e-07
1310 3.08649e-07
1311 3.07117e-07
1312 3.05593e-07
1313 3.04075e-07
1314 3.02566e-07
1315 3.01064e-07
1316 2.99569e-07
1317 2.98082e-07
1318 2.96602e-07
1319 2.9513e-07
1320 2.93665e-07
1321 2.92207e-07
1322 2.90757e-07
1323 2.89313e-07
1324 2.87877e-07
1325 2.86448e-07
1326 2.85026e-07
1327 2.83611e-07
1328 2.82203e-07
1329 2.80802e-07
1330 2.79408e-07
1331 2.78021e-07
1332 2.76641e-07
1333 2.75267e-07
1334 2.73901e-07
1335 2.72541e-07
1336 2.71188e-07
1337 2.69842e-07
1338 2.68502e-07
1339 2.6717e-07
1340 2.65843e-07
1341 2.64524e-07
1342 2.6321e-07
1343 2.61904e-07
1344 2.60604e-07
1345 2.5931e-07
1346 2.58023e-07
1347 2.56742e-07
1348 2.55467e-07
1349 2.54199e-07
1350 2.52937e-07
1351 2.51681e-07
1352 2.50432e-07
1353 2.49189e-07
1354 2.47952e-07
1355 2.46721e-07
1356 2.45496e-07
1357 2.44277e-07
1358 2.43065e-07
1359 2.41858e-07
1360 2.40657e-07
1361 2.39463e-07
1362 2.38274e-07
1363 2.37091e-07
1364 2.35914e-07
1365 2.34743e-07
1366 2.33578e-07
1367 2.32418e-07
1368 2.31264e-07
1369 2.30116e-07
1370 2.28974e-07
1371 2.27837e-07
1372 2.26706e-07
1373 2.25581e-07
1374 2.24461e-07
1375 2.23347e-07
1376 2.22238e-07
1377 2.21135e-07
1378 2.20037e-07
1379 2.18944e-07
1380 2.17858e-07
1381 2.16776e-07
1382 2.157e-07
1383 2.14629e-07
1384 2.13564e-07
1385 2.12503e-07
1386 2.11449e-07
1387 2.10399e-07
1388 2.09354e-07
1389 2.08315e-07
1390 2.07281e-07
1391 2.06252e-07
1392 2.05228e-07
1393 2.04209e-07
1394 2.03196e-07
1395 2.02187e-07
1396 2.01183e-07
1397 2.00184e-07
1398 1.99191e-07
1399 1.98202e-07
1400 1.97218e-07
1401 1.96239e-07
1402 1.95265e-07
1403 1.94295e-07
1404 1.93331e-07
1405 1.92371e-07
1406 1.91416e-07
1407 1.90466e-07
1408 1.8952e-07
1409 1.88579e-07
1410 1.87643e-07
1411 1.86712e-07
1412 1.85785e-07
1413 1.84863e-07
1414 1.83945e-07
1415 1.83032e-07
1416 1.82123e-07
1417 1.81219e-07
1418 1.80319e-07
1419 1.79424e-07
1420 1.78533e-07
1421 1.77647e-07
1422 1.76765e-07
1423 1.75888e-07
1424 1.75015e-07
1425 1.74146e-07
1426 1.73281e-07
1427 1.72421e-07
1428 1.71565e-07
1429 1.70713e-07
1430 1.69866e-07
1431 1.69023e-07
1432 1.68184e-07
1433 1.67349e-07
1434 1.66518e-07
1435 1.65691e-07
1436 1.64869e-07
1437 1.6405e-07
1438 1.63236e-07
1439 1.62426e-07
1440 1.61619e-07
1441 1.60817e-07
1442 1.60019e-07
1443 1.59224e-07
1444 1.58434e-07
1445 1.57647e-07
1446 1.56865e-07
1447 1.56086e-07
1448 1.55311e-07
1449 1.5454e-07
1450 1.53773e-07
1451 1.5301e-07
1452 1.5225e-07
1453 1.51494e-07
1454 1.50742e-07
1455 1.49994e-07
1456 1.49249e-07
1457 1.48508e-07
1458 1.47771e-07
1459 1.47037e-07
1460 1.46308e-07
1461 1.45581e-07
1462 1.44859e-07
1463 1.44139e-07
1464 1.43424e-07
1465 1.42712e-07
1466 1.42003e-07
1467 1.41298e-07
1468 1.40597e-07
1469 1.39899e-07
1470 1.39205e-07
1471 1.38514e-07
1472 1.37826e-07
1473 1.37142e-07
1474 1.36461e-07
1475 1.35783e-07
1476 1.35109e-07
1477 1.34439e-07
1478 1.33771e-07
1479 1.33107e-07
1480 1.32446e-07
1481 1.31789e-07
1482 1.31135e-07
1483 1.30484e-07
1484 1.29836e-07
1485 1.29191e-07
1486 1.2855e-07
1487 1.27912e-07
1488 1.27277e-07
1489 1.26645e-07
1490 1.26016e-07
1491 1.25391e-07
1492 1.24768e-07
1493 1.24149e-07
1494 1.23533e-07
1495 1.22919e-07
1496 1.22309e-07
1497 1.21702e-07
1498 1.21098e-07
1499 1.20497e-07
1500 1.19899e-07
1501 1.19303e-07
1502 1.18711e-07
1503 1.18122e-07
1504 1.17535e-07
1505 1.16952e-07
1506 1.16371e-07
1507 1.15794e-07
1508 1.15219e-07
1509 1.14647e-07
1510 1.14078e-07
1511 1.13511e-07
1512 1.12948e-07
1513 1.12387e-07
1514 1.11829e-07
1515 1.11274e-07
1516 1.10722e-07
1517 1.10172e-07
1518 1.09625e-07
1519 1.09081e-07
1520 1.08539e-07
1521 1.08001e-07
1522 1.07464e-07
1523 1.06931e-07
1524 1.064e-07
1525 1.05872e-07
1526 1.05346e-07
1527 1.04823e-07
1528 1.04303e-07
1529 1.03785e-07
1530 1.0327e-07
1531 1.02757e-07
1532 1.02247e-07
1533 1.0174e-07
1534 1.01235e-07
1535 1.00732e-07
1536 1.00232e-07
1537 9.97344e-08
1538 9.92392e-08
1539 9.87466e-08
1540 9.82564e-08
1541 9.77686e-08
1542 9.72833e-08
1543 9.68003e-08
1544 9.63198e-08
1545 9.58416e-08
1546 9.53658e-08
1547 9.48924e-08
1548 9.44213e-08
1549 9.39526e-08
1550 9.34862e-08
1551 9.30221e-08
1552 9.25603e-08
1553 9.21008e-08
1554 9.16436e-08
1555 9.11887e-08
1556 9.0736e-08
1557 9.02856e-08
1558 8.98374e-08
1559 8.93914e-08
1560 8.89476e-08
1561 8.85061e-08
1562 8.80667e-08
1563 8.76295e-08
1564 8.71945e-08
1565 8.67616e-08
1566 8.63309e-08
1567 8.59023e-08
1568 8.54759e-08
1569 8.50516e-08
1570 8.46294e-08
1571 8.42092e-08
1572 8.37912e-08
1573 8.33752e-08
1574 8.29613e-08
1575 8.25495e-08
1576 8.21397e-08
1577 8.17319e-08
1578 8.13262e-08
1579 8.09225e-08
1580 8.05208e-08
1581 8.0121e-08
1582 7.97233e-08
1583 7.93275e-08
1584 7.89337e-08
1585 7.85419e-08
1586 7.8152e-08
1587 7.7764e-08
1588 7.7378e-08
1589 7.69938e-08
1590 7.66116e-08
1591 7.62313e-08
1592 7.58529e-08
1593 7.54763e-08
1594 7.51016e-08
1595 7.47288e-08
1596 7.43578e-08
1597 7.39887e-08
1598 7.36214e-08
1599 7.32559e-08
1600 7.28922e-08
1601 7.25304e-08
1602 7.21703e-08
1603 7.18121e-08
1604 7.14556e-08
1605 7.11008e-08
1606 7.07479e-08
1607 7.03967e-08
1608 7.00472e-08
1609 6.96995e-08
1610 6.93535e-08
1611 6.90092e-08
1612 6.86666e-08
1613 6.83257e-08
1614 6.79865e-08
1615 6.7649e-08
1616 6.73132e-08
1617 6.6979e-08
1618 6.66465e-08
1619 6.63157e-08
1620 6.59865e-08
1621 6.56589e-08
1622 6.53329e-08
1623 6.50086e-08
1624 6.46859e-08
1625 6.43648e-08
1626 6.40452e-08
1627 6.37273e-08
1628 6.3411e-08
1629 6.30962e-08
1630 6.27829e-08
1631 6.24713e-08
1632 6.21611e-08
1633 6.18526e-08
1634 6.15455e-08
1635 6.124e-08
1636 6.0936e-08
1637 6.06335e-08
1638 6.03325e-08
1639 6.0033e-08
1640 5.97349e-08
1641 5.94384e-08
1642 5.91433e-08
1643 5.88497e-08
1644 5.85576e-08
1645 5.82669e-08
1646 5.79776e-08
1647 5.76898e-08
1648 5.74034e-08
1649 5.71185e-08
1650 5.68349e-08
1651 5.65528e-08
1652 5.6272e-08
1653 5.59927e-08
1654 5.57147e-08
1655 5.54381e-08
1656 5.51629e-08
1657 5.48891e-08
1658 5.46166e-08
1659 5.43455e-08
1660 5.40757e-08
1661 5.38072e-08
1662 5.35401e-08
1663 5.32743e-08
1664 5.30099e-08
1665 5.27467e-08
1666 5.24848e-08
1667 5.22243e-08
1668 5.1965e-08
1669 5.17071e-08
1670 5.14504e-08
1671 5.1195e-08
1672 5.09408e-08
1673 5.06879e-08
1674 5.04363e-08
1675 5.01859e-08
1676 4.99368e-08
1677 4.96889e-08
1678 4.94422e-08
1679 4.91968e-08
1680 4.89526e-08
1681 4.87095e-08
1682 4.84677e-08
1683 4.82271e-08
1684 4.79877e-08
1685 4.77495e-08
1686 4.75125e-08
1687 4.72766e-08
1688 4.70419e-08
1689 4.68084e-08
1690 4.6576e-08
1691 4.63448e-08
1692 4.61147e-08
1693 4.58858e-08
1694 4.5658e-08
1695 4.54313e-08
1696 4.52058e-08
1697 4.49814e-08
1698 4.47581e-08
1699 4.45359e-08
1700 4.43148e-08
1701 4.40948e-08
1702 4.38759e-08
1703 4.36581e-08
1704 4.34414e-08
1705 4.32257e-08
1706 4.30111e-08
1707 4.27976e-08
1708 4.25852e-08
1709 4.23738e-08
1710 4.21634e-08
1711 4.19541e-08
1712 4.17458e-08
1713 4.15386e-08
1714 4.13324e-08
1715 4.11272e-08
1716 4.0923e-08
1717 4.07199e-08
1718 4.05177e-08
1719 4.03166e-08
1720 4.01164e-08
1721 3.99173e-08
1722 3.97191e-08
1723 3.9522e-08
1724 3.93258e-08
1725 3.91305e-08
1726 3.89363e-08
1727 3.8743e-08
1728 3.85507e-08
1729 3.83593e-08
1730 3.81689e-08
1731 3.79794e-08
1732 3.77908e-08
1733 3.76032e-08
1734 3.74166e-08
1735 3.72308e-08
1736 3.7046e-08
1737 3.68621e-08
1738 3.66791e-08
1739 3.6497e-08
1740 3.63158e-08
1741 3.61355e-08
1742 3.59562e-08
1743 3.57777e-08
1744 3.56001e-08
1745 3.54233e-08
1746 3.52475e-08
1747 3.50725e-08
1748 3.48984e-08
1749 3.47251e-08
1750 3.45528e-08
1751 3.43812e-08
1752 3.42106e-08
1753 3.40407e-08
1754 3.38717e-08
1755 3.37036e-08
1756 3.35363e-08
1757 3.33698e-08
1758 3.32041e-08
1759 3.30393e-08
1760 3.28753e-08
1761 3.27121e-08
1762 3.25497e-08
1763 3.23881e-08
1764 3.22273e-08
1765 3.20673e-08
1766 3.19081e-08
1767 3.17497e-08
1768 3.15921e-08
1769 3.14353e-08
1770 3.12792e-08
1771 3.1124e-08
1772 3.09695e-08
1773 3.08157e-08
1774 3.06627e-08
1775 3.05105e-08
1776 3.03591e-08
1777 3.02083e-08
1778 3.00584e-08
1779 2.99092e-08
1780 2.97607e-08
1781 2.96129e-08
1782 2.94659e-08
1783 2.93197e-08
1784 2.91741e-08
1785 2.90293e-08
1786 2.88852e-08
1787 2.87418e-08
1788 2.85991e-08
1789 2.84571e-08
1790 2.83159e-08
1791 2.81753e-08
1792 2.80354e-08
1793 2.78962e-08
1794 2.77578e-08
1795 2.762e-08
1796 2.74829e-08
1797 2.73464e-08
1798 2.72107e-08
1799 2.70756e-08
1800 2.69412e-08
1801 2.68074e-08
1802 2.66744e-08
1803 2.65419e-08
1804 2.64102e-08
1805 2.62791e-08
1806 2.61486e-08
1807 2.60188e-08
1808 2.58896e-08
1809 2.57611e-08
1810 2.56332e-08
1811 2.5506e-08
1812 2.53794e-08
1813 2.52534e-08
1814 2.5128e-08
1815 2.50033e-08
1816 2.48791e-08
1817 2.47556e-08
1818 2.46327e-08
1819 2.45105e-08
1820 2.43888e-08
1821 2.42677e-08
1822 2.41472e-08
1823 2.40274e-08
1824 2.39081e-08
1825 2.37894e-08
1826 2.36713e-08
1827 2.35538e-08
1828 2.34369e-08
1829 2.33205e-08
1830 2.32047e-08
1831 2.30895e-08
1832 2.29749e-08
1833 2.28609e-08
1834 2.27474e-08
1835 2.26345e-08
1836 2.25221e-08
1837 2.24103e-08
1838 2.2299e-08
1839 2.21883e-08
1840 2.20782e-08
1841 2.19686e-08
1842 2.18595e-08
1843 2.1751e-08
1844 2.1643e-08
1845 2.15356e-08
1846 2.14287e-08
1847 2.13223e-08
1848 2.12165e-08
1849 2.11111e-08
1850 2.10063e-08
1851 2.09021e-08
1852 2.07983e-08
1853 2.0695e-08
1854 2.05923e-08
1855 2.04901e-08
1856 2.03884e-08
1857 2.02871e-08
1858 2.01864e-08
1859 2.00862e-08
1860 1.99865e-08
1861 1.98873e-08
1862 1.97886e-08
1863 1.96903e-08
1864 1.95926e-08
1865 1.94953e-08
1866 1.93985e-08
1867 1.93022e-08
1868 1.92064e-08
1869 1.91111e-08
1870 1.90162e-08
1871 1.89218e-08
1872 1.88279e-08
1873 1.87344e-08
1874 1.86414e-08
1875 1.85489e-08
1876 1.84568e-08
1877 1.83652e-08
1878 1.8274e-08
1879 1.81833e-08
1880 1.8093e-08
1881 1.80032e-08
1882 1.79138e-08
1883 1.78249e-08
1884 1.77364e-08
1885 1.76483e-08
1886 1.75607e-08
1887 1.74736e-08
1888 1.73868e-08
1889 1.73005e-08
1890 1.72146e-08
1891 1.71292e-08
1892 1.70441e-08
1893 1.69595e-08
1894 1.68753e-08
1895 1.67915e-08
1896 1.67082e-08
1897 1.66252e-08
1898 1.65427e-08
1899 1.64606e-08
1900 1.63789e-08
1901 1.62976e-08
1902 1.62167e-08
1903 1.61362e-08
1904 1.60561e-08
1905 1.59763e-08
1906 1.5897e-08
1907 1.58181e-08
1908 1.57396e-08
1909 1.56615e-08
1910 1.55837e-08
1911 1.55063e-08
1912 1.54294e-08
1913 1.53528e-08
1914 1.52766e-08
1915 1.52007e-08
1916 1.51253e-08
1917 1.50502e-08
1918 1.49755e-08
1919 1.49011e-08
1920 1.48271e-08
1921 1.47535e-08
1922 1.46803e-08
1923 1.46074e-08
1924 1.45349e-08
1925 1.44628e-08
1926 1.4391e-08
1927 1.43195e-08
1928 1.42484e-08
1929 1.41777e-08
1930 1.41073e-08
1931 1.40373e-08
1932 1.39676e-08
1933 1.38983e-08
1934 1.38293e-08
1935 1.37606e-08
1936 1.36923e-08
1937 1.36243e-08
1938 1.35567e-08
1939 1.34894e-08
1940 1.34224e-08
1941 1.33558e-08
1942 1.32895e-08
1943 1.32235e-08
1944 1.31579e-08
1945 1.30926e-08
1946 1.30276e-08
1947 1.29629e-08
1948 1.28985e-08
1949 1.28345e-08
1950 1.27708e-08
1951 1.27074e-08
1952 1.26443e-08
1953 1.25815e-08
1954 1.25191e-08
1955 1.24569e-08
1956 1.23951e-08
1957 1.23336e-08
1958 1.22723e-08
1959 1.22114e-08
1960 1.21508e-08
1961 1.20905e-08
1962 1.20305e-08
1963 1.19707e-08
1964 1.19113e-08
1965 1.18522e-08
1966 1.17933e-08
1967 1.17348e-08
1968 1.16765e-08
1969 1.16186e-08
1970 1.15609e-08
1971 1.15035e-08
1972 1.14464e-08
1973 1.13896e-08
1974 1.1333e-08
1975 1.12768e-08
1976 1.12208e-08
1977 1.11651e-08
1978 1.11097e-08
1979 1.10545e-08
1980 1.09996e-08
1981 1.0945e-08
1982 1.08907e-08
1983 1.08366e-08
1984 1.07828e-08
1985 1.07293e-08
1986 1.0676e-08
1987 1.0623e-08
1988 1.05703e-08
1989 1.05178e-08
1990 1.04656e-08
1991 1.04137e-08
1992 1.0362e-08
1993 1.03105e-08
1994 1.02593e-08
1995 1.02084e-08
1996 1.01577e-08
1997 1.01073e-08
1998 1.00571e-08
1999 1.00072e-08
2000 9.95753e-09
